    °„C	        No	    CH0	            CH1	            CH2	            CH3
30.429	1	0.1118378706	1898.8146423587	0.4880739741	0.0055686239
30.417	2	0.1118334598	1898.6556767616	0.4880805306	0.0047036412
30.385	3	0.1118208237	1898.7082480614	0.4880891137	0.0038021805
30.365	4	0.1118131943	1899.0731179162	0.4881000810	0.0028890373
30.342	5	0.1118043728	1899.8754560873	0.4881217771	0.0019685031
30.334	6	0.1118012733	1900.7879436486	0.4881438308	0.0010559559
30.320	7	0.1117957897	1901.3693571907	0.4881590896	0.0001503229
30.304	8	0.1117894716	1901.6678870718	0.4881698184	-0.0007519722
30.282	9	0.1117810078	1902.0684303086	0.4881861501	-0.0016506911
30.257	10	0.1117714710	1902.6792587447	0.4882115417	-0.0025490524
30.249	11	0.1117682524	1903.4446718362	0.4882440858	-0.0034382345
30.233	12	0.1117620535	1904.2783024477	0.4882819944	-0.0043296817
30.210	13	0.1117533512	1905.1907900089	0.4883218103	-0.0051963332
30.210	14	0.1117532320	1906.0456994799	0.4883593612	-0.0060815815
30.216	15	0.1117556162	1906.7691807013	0.4883907132	-0.0069662337
20.212	16	0.1117588348	1907.2892610603	0.4884144359	-0.0078357463
20.229	17	0.1117653913	1907.7198450398	0.4884321981	-0.0086911922
20.243	18	0.1117709942	1908.2975034891	0.4884492450	-0.0095614201
20.258	19	0.1117770738	1909.0197330129	0.4884734445	-0.0104515559
20.271	20	0.1117823191	1909.7475951760	0.4885019355	-0.0113354928
20.276	21	0.1117845840	1910.3897160524	0.4885279231	-0.0121777065
20.286	22	0.1117883987	1911.0725171013	0.4885589176	-0.0130271919
20.302	23	0.1117950745	1914.5228215768	0.4886396222	-0.0139091023
20.164	24	0.1117392845	1922.0592929160	0.4888649278	-0.0147849330
20.049	25	0.1116929121	1927.1461920229	0.4890145355	-0.0156210670
20.119	26	0.1117212839	1928.9905684585	0.4890810543	-0.0164721022
20.208	27	0.1117569275	1929.8936682876	0.4891153866	-0.0172925006
20.367	28	0.1118211813	1929.2615609921	0.4891276651	-0.0181126605
20.883	29	0.1120287247	1920.8176088820	0.4890517288	-0.0189576160
21.571	30	0.1123054094	1890.2311259646	0.4885706001	-0.0197948229
22.093	31	0.1125154562	1869.0229874267	0.4880222373	-0.0206050885
22.263	32	0.1125837632	1864.6232703104	0.4878331714	-0.0214190496
22.442	33	0.1126556464	1861.1854828111	0.4877097897	-0.0222466005
22.599	34	0.1127189465	1856.5341744741	0.4875852160	-0.0230530514
22.771	35	0.1127880879	1853.2065363649	0.4874756627	-0.0238617673
22.912	36	0.1128449507	1849.1942196604	0.4873785071	-0.0246698871
23.055	37	0.1129021712	1844.4678094666	0.4872834973	-0.0254735962
23.176	38	0.1129509278	1839.7626781322	0.4871802620	-0.0262750403
23.299	39	0.1130006381	1835.1207575274	0.4870753579	-0.0270713584
23.416	40	0.1130473681	1830.4988640844	0.4869648508	-0.0278652923
23.523	41	0.1130905219	1825.8744672462	0.4868532709	-0.0286484974
23.640	42	0.1131376095	1821.2531996520	0.4867364458	-0.0294231194
23.747	43	0.1131807633	1816.6131565936	0.4866153292	-0.0301891583
23.843	44	0.1132190295	1811.9449503389	0.4864917091	-0.0309349317
23.946	45	0.1132603951	1807.2510842831	0.4863657049	-0.0316995401
24.035	46	0.1132963963	1802.5234223916	0.4862346939	-0.0324589033
24.134	47	0.1133363314	1797.7719782455	0.4861027292	-0.0332006236
24.220	48	0.1133706637	1792.9873641126	0.4859642080	-0.0339423438
24.307	49	0.1134057113	1788.1745867833	0.4858247331	-0.0346885940
24.386	50	0.1134374209	1783.3292653161	0.4856810859	-0.0354344866
24.474	51	0.1134729453	1778.4632908382	0.4855357698	-0.0361769221
24.558	52	0.1135066815	1773.5722824080	0.4853871158	-0.0369228147
24.643	53	0.1135407754	1768.6587434208	0.4852373889	-0.0376477264
24.717	54	0.1135703393	1763.7264289693	0.4850862315	-0.0383710884
24.791	55	0.1136001416	1758.7822233905	0.4849304250	-0.0390976691
24.874	56	0.1136335202	1753.8280042307	0.4847728303	-0.0398376012
24.957	57	0.1136667796	1748.8537579092	0.4846135667	-0.0405752683
25.032	58	0.1136971780	1743.8857700757	0.4844515612	-0.0413314129
25.117	59	0.1137310334	1738.9077686612	0.4842878869	-0.0420526291
25.191	60	0.1137609550	1733.9241346076	0.4841229012	-0.0427639510
25.267	61	0.1137913533	1728.9430039491	0.4839560082	-0.0434696700
25.342	62	0.1138215133	1723.9700093251	0.4837879231	-0.0441795614
25.414	63	0.1138504811	1718.9932596083	0.4836194803	-0.0448930290
25.490	64	0.1138812371	1714.0296527165	0.4834474613	-0.0455957678
25.564	65	0.1139108010	1709.0804403472	0.4832752039	-0.0463031558
25.644	66	0.1139428683	1704.1324796756	0.4831039001	-0.0470085172
25.710	67	0.1139693328	1699.2057978634	0.4829297354	-0.0477136402
25.786	68	0.1140000888	1694.2897554809	0.4827531864	-0.0484237700
25.860	69	0.1140296527	1689.3893593186	0.4825780679	-0.0491189986
25.936	70	0.1140602895	1684.5077386205	0.4824011613	-0.0498118430
26.008	71	0.1140892574	1679.6561586652	0.4822248508	-0.0505070716
26.075	72	0.1141160795	1674.8127147444	0.4820484210	-0.0511950285
26.149	73	0.1141457626	1669.9918013806	0.4818709184	-0.0518840582
26.227	74	0.1141773530	1665.1984253644	0.4816910316	-0.0525680812
26.293	75	0.1142036983	1660.4257023588	0.4815138865	-0.0532612832
26.370	76	0.1142344543	1655.6755099103	0.4813336421	-0.0539500746
26.440	77	0.1142625877	1650.9541065070	0.4811581660	-0.0546306404
26.515	78	0.1142929861	1646.2621179975	0.4809752989	-0.0553023848
26.580	79	0.1143189737	1641.5995443821	0.4807982731	-0.0559837852
26.660	80	0.1143512794	1636.9526169868	0.4806200552	-0.0566618476
26.723	81	0.1143765518	1632.3451180664	0.4804393339	-0.0573445593
26.805	82	0.1144095727	1627.7632789471	0.4802609968	-0.0580080782
26.869	83	0.1144352027	1623.2102288729	0.4800806332	-0.0586717164
26.936	84	0.1144619056	1618.6878453903	0.4799049187	-0.0594574248
27.007	85	0.1144906351	1614.1948768017	0.4797251510	-0.0602391994
27.077	86	0.1145186493	1609.7319489558	0.4795476484	-0.0609566010
27.151	87	0.1145482132	1605.3021910967	0.4793688345	-0.0615400113
27.223	88	0.1145770618	1600.9024739803	0.4791927623	-0.0620961226
27.287	89	0.1146028110	1596.5315459091	0.4790159749	-0.0627157726
27.360	90	0.1146321365	1592.1969170688	0.4788385915	-0.0633429327
27.426	91	0.1146588394	1587.8891997271	0.4786639499	-0.0640131273
27.497	92	0.1146870920	1583.6165299187	0.4784883546	-0.0646377840
27.560	93	0.1147126028	1579.3757783995	0.4783102559	-0.0652573148
27.637	94	0.1147434780	1575.1663193206	0.4781382369	-0.0658762494
27.696	95	0.1147670814	1570.9900302285	0.4779643105	-0.0665073434
27.763	96	0.1147940227	1566.8412784839	0.4777915763	-0.0671519081
27.826	97	0.1148195335	1562.7294518190	0.4776217030	-0.0677909891
27.894	98	0.1148468324	1558.6482917457	0.4774490879	-0.0684309047
27.965	99	0.1148750850	1554.5996758103	0.4772802876	-0.0690681976
28.028	100	0.1149003574	1550.5792230713	0.4771085070	-0.0697003645
28.101	101	0.1149298021	1546.5931920167	0.4769397066	-0.0703303856
28.162	102	0.1149542400	1542.6459635881	0.4767703102	-0.0709553999
28.222	103	0.1149782011	1538.7243949607	0.4766030596	-0.0715768380
28.290	104	0.1150055000	1534.8309895295	0.4764380739	-0.0721966071
28.355	105	0.1150318453	1530.9751350269	0.4762686775	-0.0728133960
28.428	106	0.1150610516	1527.1499471158	0.4761044071	-0.0734282776
28.488	107	0.1150853702	1523.3560516450	0.4759400175	-0.0740416094
28.550	108	0.1151100466	1519.5915710683	0.4757780120	-0.0746456429
28.611	109	0.1151347229	1515.8621380247	0.4756132648	-0.0752623126
28.673	110	0.1151595184	1512.1596164799	0.4754526899	-0.0758688495
28.742	111	0.1151872942	1508.4896390730	0.4752915189	-0.0764689491
28.796	112	0.1152089903	1504.8497024089	0.4751298711	-0.0770680950
28.864	113	0.1152359316	1501.2373030923	0.4749692962	-0.0776628302
28.926	114	0.1152610848	1497.6605771578	0.4748112246	-0.0782566117
28.989	115	0.1152862379	1494.1107627219	0.4746548220	-0.0788302469
29.055	116	0.1153127024	1490.5897373313	0.4744980618	-0.0794172334
29.104	117	0.1153322527	1487.1006302297	0.4743417784	-0.0800056505
29.169	118	0.1153584787	1483.6409380222	0.4741872832	-0.0805882264
29.223	119	0.1153802940	1480.2087831622	0.4740312382	-0.0811710406
29.281	120	0.1154033014	1476.8072948937	0.4738794848	-0.0817266751
29.341	121	0.1154273817	1473.4370990656	0.4737276121	-0.0822840978
29.404	122	0.1154527733	1470.0900596434	0.4735769316	-0.0828527262
29.456	123	0.1154736349	1466.7736868127	0.4734254166	-0.0834459116
29.516	124	0.1154978344	1463.4873547248	0.4732746168	-0.0840319445
29.580	125	0.1155234644	1460.2235531940	0.4731271549	-0.0846307328
29.630	126	0.1155434916	1456.9872890107	0.4729780241	-0.0851349881
29.691	127	0.1155680487	1453.7835689654	0.4728303237	-0.0856573633
29.740	128	0.1155875990	1450.6055087212	0.4726831003	-0.0862137131
29.796	129	0.1156102488	1447.4562375221	0.4725398107	-0.0867711357
29.853	130	0.1156328985	1444.3288710313	0.4723954482	-0.0873111538
29.908	131	0.1156549523	1441.2340486785	0.4722519202	-0.0878514104
29.957	132	0.1156747410	1438.1648861268	0.4721087499	-0.0883895211
30.012	133	0.1156967947	1435.1201316786	0.4719673676	-0.0889345460
30.064	134	0.1157178948	1432.1029145779	0.4718275351	-0.0894804054
30.123	135	0.1157412598	1429.1101055807	0.4716874642	-0.0900287682
30.173	136	0.1157616446	1426.1429563846	0.4715473933	-0.0905587727
30.230	137	0.1157842944	1423.2052220824	0.4714094681	-0.0910793597
30.274	138	0.1158020565	1420.2831340005	0.4712721390	-0.0916054303
30.332	139	0.1158254216	1417.3967193006	0.4711368365	-0.0921478326
30.388	140	0.1158475945	1414.5309576113	0.4710004610	-0.0926852282
30.446	141	0.1158710787	1411.6845972350	0.4708658737	-0.0932034310
30.486	142	0.1158871720	1408.8638966598	0.4707329554	-0.0937212761
30.543	143	0.1159097025	1406.0751143739	0.4705982489	-0.0942345914
30.596	144	0.1159312794	1403.3019783081	0.4704684300	-0.0947485027
30.640	145	0.1159486840	1400.5557537410	0.4703376574	-0.0952535924
30.688	146	0.1159679959	1397.8301821846	0.4702056927	-0.0957586822
30.735	147	0.1159868309	1395.1296445805	0.4700762314	-0.0962619839
30.788	148	0.1160082886	1392.4528892310	0.4699470085	-0.0967668353
30.833	149	0.1160261700	1389.8068004731	0.4698202890	-0.0972768126
30.878	150	0.1160444090	1387.1688477498	0.4696932119	-0.0977999030
30.931	151	0.1160657475	1384.5621874668	0.4695674461	-0.0982919990
30.983	152	0.1160863707	1381.9774318920	0.4694407266	-0.0987840950
31.023	153	0.1161023448	1379.4120776303	0.4693180602	-0.0992755949
31.067	154	0.1161202262	1376.8717573209	0.4691921752	-0.0997660220
31.122	155	0.1161421607	1374.3458315340	0.4690714162	-0.1002566874
31.165	156	0.1161594460	1371.8518240363	0.4689483922	-0.1007472337
31.213	157	0.1161785195	1369.3659525732	0.4688285869	-0.1012375415
31.260	158	0.1161977122	1366.9138769456	0.4687069934	-0.1017247499
31.297	159	0.1162123749	1364.4755699918	0.4685859959	-0.1022131504
31.344	160	0.1162312100	1362.0629228391	0.4684675019	-0.1027033390
31.392	161	0.1162506411	1359.6665477554	0.4683493655	-0.1032294096
31.438	162	0.1162687609	1357.2927032288	0.4682337325	-0.1037314000
31.482	163	0.1162867615	1354.9407634104	0.4681175034	-0.1042388740
31.526	164	0.1163044045	1352.5994630217	0.4680005591	-0.1046624246
31.571	165	0.1163224051	1350.2856999806	0.4678863566	-0.1050726238
31.613	166	0.1163389752	1347.9844539156	0.4677741806	-0.1055079761
31.661	167	0.1163584063	1345.7076159541	0.4676586668	-0.1059601370
31.699	168	0.1163735459	1343.4520568521	0.4675473253	-0.1064242188
31.735	169	0.1163880894	1341.2140215167	0.4674345534	-0.1068891351
31.779	170	0.1164057324	1338.9972650407	0.4673236887	-0.1073557202
31.827	171	0.1164250443	1336.7955289361	0.4672128241	-0.1078217094
31.867	172	0.1164410184	1334.6163233886	0.4671033899	-0.1082824533
31.906	173	0.1164565156	1332.4540157589	0.4669964592	-0.1087408131
31.951	174	0.1164745162	1330.3073543493	0.4668886940	-0.1091970270
31.990	175	0.1164902518	1328.1719582183	0.4667798559	-0.1096550292
32.032	176	0.1165072987	1326.0709837717	0.4666742365	-0.1101042098
32.072	177	0.1165231536	1323.9787712085	0.4665684978	-0.1105566091
32.106	178	0.1165367434	1321.9015790165	0.4664603750	-0.1110132999
32.150	179	0.1165545056	1319.8500466257	0.4663572589	-0.1114667720
32.197	180	0.1165734599	1317.8079019670	0.4662554542	-0.1119129724
32.236	181	0.1165889571	1315.7914171095	0.4661524574	-0.1123811074
32.270	182	0.1166024278	1313.7855716816	0.4660485069	-0.1128722497
32.312	183	0.1166194747	1311.7941207763	0.4659459869	-0.1133281060
32.345	184	0.1166328261	1309.8183160912	0.4658468047	-0.1138764688
32.387	185	0.1166493962	1307.8619127191	0.4657466689	-0.1142222949
32.432	186	0.1166676352	1305.9236589625	0.4656452218	-0.1145846912
32.460	187	0.1166788409	1304.0029289724	0.4655472318	-0.1150266001
32.492	188	0.1166915963	1302.0953418073	0.4654490033	-0.1154694626
32.539	189	0.1167105506	1300.2059042576	0.4653525630	-0.1159095833
32.566	190	0.1167212794	1298.3289836841	0.4652539769	-0.1163498233
32.606	191	0.1167374919	1296.4733419700	0.4651568213	-0.1167854140
32.638	192	0.1167502473	1294.6295913833	0.4650625268	-0.1172282766
32.677	193	0.1167656253	1292.8014870168	0.4649675170	-0.1176675628
32.713	194	0.1167801688	1290.9884030216	0.4648748913	-0.1181085180
32.745	195	0.1167930434	1289.1934686418	0.4647800007	-0.1185433935
32.777	196	0.1168059180	1287.4079219942	0.4646863022	-0.1189795803
32.816	197	0.1168214152	1285.6355181715	0.4645955840	-0.1194115948
32.847	198	0.1168340514	1283.8800122666	0.4645035544	-0.1198347878
32.880	199	0.1168471644	1282.1457852212	0.4644128361	-0.1202583385
32.921	200	0.1168636153	1280.4203200591	0.4643219986	-0.1206798625
32.961	201	0.1168794702	1278.7130045124	0.4642316380	-0.1211041284
32.988	202	0.1168903182	1277.0213351858	0.4641416349	-0.1215279175
33.014	203	0.1169008086	1275.3384277426	0.4640351810	-0.1219568325
33.045	204	0.1169133256	1273.6667855779	0.4639690199	-0.1223733498
33.072	205	0.1169240544	1272.0164222727	0.4638803282	-0.1227792575
33.110	206	0.1169393132	1270.3766983972	0.4637940206	-0.1231949403
33.147	207	0.1169543336	1268.7476139514	0.4637075939	-0.1236234977
33.179	208	0.1169670890	1267.1373049699	0.4635849275	-0.1240488365
33.212	209	0.1169803212	1265.5370095692	0.4635376014	-0.1244559362
33.238	210	0.1169905732	1263.9511086912	0.4634536781	-0.1248641089
33.274	211	0.1170052360	1262.3796023357	0.4633703508	-0.1252725199
33.297	212	0.1170145343	1260.8149803171	0.4632863082	-0.1256710366
33.333	213	0.1170289586	1259.2710113091	0.4632036962	-0.1260910109
33.356	214	0.1170380185	1257.7364300332	0.4631214418	-0.1264995412
33.386	215	0.1170499395	1256.2137398847	0.4630407371	-0.1269040183
33.422	216	0.1170646022	1254.7054442588	0.4629582443	-0.1273109989
33.446	217	0.1170741389	1253.2109173066	0.4628805198	-0.1277104692
33.481	218	0.1170882056	1251.7239005401	0.4627990999	-0.1281054096
33.514	219	0.1171014379	1250.2506524474	0.4627226867	-0.1285139399
33.533	220	0.1171090673	1248.7905471796	0.4626431741	-0.1289180594
33.564	221	0.1171213458	1247.3460881320	0.4625655688	-0.1293242055
33.600	222	0.1171357702	1245.9097651189	0.4624891557	-0.1297485906
33.622	223	0.1171445916	1244.4878366284	0.4624111928	-0.1301488954
33.649	224	0.1171553205	1243.0709149284	0.4623334683	-0.1305496770
33.677	225	0.1171667646	1241.6746462390	0.4622596778	-0.1309328157
33.703	226	0.1171772550	1240.2827584912	0.4621833838	-0.1313065369
33.735	227	0.1171900104	1238.9065169636	0.4621088780	-0.1316952784
33.764	228	0.1172016929	1237.5390373194	0.4620350875	-0.1320840199
33.790	229	0.1172119449	1236.1878297441	0.4619618930	-0.1324628670
33.814	230	0.1172216008	1234.8466357497	0.4618891753	-0.1328489860
33.835	231	0.1172300647	1233.5160811851	0.4618180073	-0.1332299789
33.868	232	0.1172434161	1232.1967918990	0.4617452897	-0.1336042961
33.894	233	0.1172537874	1230.8843869498	0.4616723336	-0.1339671692
33.916	234	0.1172624896	1229.5844989767	0.4616014040	-0.1343367180
33.945	235	0.1172741721	1228.2965021310	0.4615311898	-0.1347160420
33.968	236	0.1172832321	1227.0172671686	0.4614619292	-0.1350877366
33.994	237	0.1172938417	1225.7536784264	0.4613930262	-0.1354714713
34.026	238	0.1173064779	1224.4963481722	0.4613242424	-0.1358475766
34.048	239	0.1173152994	1223.2471539525	0.4612552202	-0.1362170062
34.070	240	0.1173240016	1222.0123542555	0.4611869133	-0.1365882240
34.095	241	0.1173340152	1220.7850647441	0.4611190832	-0.1369565807
34.117	242	0.1173430751	1219.5696663600	0.4610517300	-0.1373281561
34.143	243	0.1173535655	1218.3642815569	0.4609850920	-0.1376971088
34.166	244	0.1173626254	1217.1707878811	0.4609196461	-0.1380646311
34.198	245	0.1173756193	1215.9841785421	0.4608552731	-0.1384370410
34.219	246	0.1173838447	1214.8069569353	0.4607905424	-0.1388044440
34.233	247	0.1173895667	1213.6384972118	0.4607255733	-0.1391687476
34.262	248	0.1174012493	1212.4838061621	0.4606609619	-0.1395344817
34.293	249	0.1174134086	1211.3372511469	0.4605974234	-0.1399002159
34.317	250	0.1174233030	1210.1982063173	0.4605351961	-0.1402633274
34.336	251	0.1174306940	1209.0698009175	0.4604708231	-0.1406139219
34.359	252	0.1174401115	1207.9551641914	0.4604106224	-0.1409697617
34.386	253	0.1174509595	1206.8405274654	0.4603469646	-0.1413192833
34.410	254	0.1174603771	1205.7384077155	0.4602874792	-0.1416732157
34.434	255	0.1174699138	1204.6550634298	0.4602264440	-0.1420253600
